Exhi:
15.066898333469585
6.841189542878949
21.925371882385765
16.70951966712165
22.243463063628287
5.936399825122729

EXhi2:
20.606422776120105
33.58230591950172
11.16848950836839
8.475167862104197
12.019810401803884
6.935352110342901
6.717535122401788
36.519631208693966  



0105f1kp.txt
4.447747464511098
5.550123545210133
5.742124674447985
11.513531411746953
4.799003520490166
14.441863657558656
5.522789205648695
6.400496072077823

0105s1kp.txt
31.01925001717617
29.963316248312942
26.44854844850315
22.477623843312912
30.446610319767874
58.39097078939074
26.3583865690002
27.231627274521202

0105s2kp.txt
23.691193272259483
19.264644322615514
16.940397142580984
12.679830310334284
7.656166243685894
19.826268021654773
23.010765989386062
19.7444494970664

0105s3kp.txt
9.01151325867402
7.863762637008362
8.124608004313174
17.844304645360708
6.204789739685413
29.174749101246956
35.695639938208934
6.301019820331335

0105s4kp.txt
6.039101201884169
3.4448076205038283
3.0648783137182303
9.401211022947404
3.7604780378290776
2.8913558362478873
3.7533599471973633
3.578737769657962

0105s5kp.txt
11.995140078833678
11.106166605007543
6.9443347554332595
10.413541823019765
8.547155949582407
9.901812702569657
5.404088560887085
15.45815984329038

0105s6kp.txt
3.662002635943712
4.993053065067495
5.767664940067384
4.904172203357267
19.83330237721275
3.531118545188764
3.297412600170235
4.4097137377318125


m9:

0105s5kp.txt
0.14832763129928803
0.1338677459088909
0.11891403277512723
0.11894664981877137
0.10024490710024071
0.11968404676199829
0.10936995601598405
0.1892006363429889

0105s4kp.txt
0.1582708508448702
0.05368568392559574
0.05566033794891384
0.2356431559961399
0.08187240216409047
0.060632491406727385
0.06794362666094286
0.05823146406058008
